{0: (3, 5), 1: (3, 53), 2: (21, 1), 3: (3, 181), 4: (39, 11), 5: (33, 149), 6: (43, 141), 7: (21, 169)}

   0  92  30 288  66 234 224 270
  92   0  82 204  86 154 148 190
  30  82   0 278  48 224 214 260
 288 204 278   0 258  70  84  34
  66  86  48 258   0 200 190 236
 234 154 224  70 200   0  22  44
 224 148 214  84 190  22   0  58
 270 190 260  34 236  44  58   0

664
